-0.023530243289086136 0.045968139311846595
-0.03705846909553775 0.02776960990008187
-0.022643146514892583 0.002156864802042649
-0.012663307805215164 0.010582109900081876
-0.021090727160053876 0.017996325586356388
-0.0017963723213441918 0.0254105412726309
0.0037479825173654807 -0.007953429315604402
-0.02397379167618291 -0.024803919511682843
-0.041050404579408714 -0.00997548813913382
-0.04681653361166678 -0.031881125394035786
-0.027965727160053876 -0.05176470382540834
-0.009780243289086138 -0.03895833127638873
0.016832659936720326 -0.051427694021486774
0.03280040187220419 -0.023118870492075005
0.01993749864639774 -0.031881125394035786
0.029917337356075158 0.028106619704003452
0.0026391115496235407 0.05034926676282697
-0.011997985224570004 0.039564953037336786
