-0.05158467200494583 -0.05075367441364364
-0.035616930069461955 0.047990198135376
-0.0314032203920426 0.033498776566748545
-0.018318542972687757 0.02675858048831717
-0.009669349424300658 0.017322305978513253
-0.012108865553332918 0.004515933429493635
-0.003237897811397439 -0.002561272452859309
-0.003237897811397439 -0.002561272452859309
-0.013217736521074858 -0.008964458727369118
-0.013217736521074858 -0.008964458727369118
0.0016411344466670807 -0.015704654805800494
-0.010556446198494211 -0.021433821472467154
0.010733876382150953 -0.027837007746976963
0.010733876382150953 -0.027837007746976963
-0.009225801037203885 -0.032892154805800496
-0.01809676877913937 -0.03794730186462403
-0.020314510714623243 -0.04502450774697697
-0.01743144619849421 -0.04940563519795736
